
0.430
0.775
1.092
1.401
1.575
1.876
2.068
2.441
2.777
3.084
3.392
3.575
3.859
4.043
4.408
4.741
5.012
5.302
5.483
5.766
5.960
6.328
6.621
6.933
7.233
7.434
7.702
7.900
8.285
8.626
8.919
9.211
9.405
9.692
9.845
9.950
10.310
10.584
10.879
11.184
11.368
11.675
11.852
11.974
12.326
13.884
14.202
14.651
14.821
14.986
15.152
15.594
15.787
15.962
16.144
16.802
17.628
17.795
17.967
18.084
18.736
19.550
19.735
19.926
20.285
20.951
21.310
21.735
22.418
22.616
22.786
22.967
23.436
23.625
23.792
23.959
24.177
24.683
25.452
25.635
25.858
26.658
27.449
27.641
27.849
28.125
28.300
28.618
28.883
29.125
29.441
29.600
29.986
30.408
30.883
31.152
31.425
31.918
32.418
33.102
33.616
33.901
34.244
34.560
34.875
35.241
35.567
35.849
36.809
37.058
37.350
37.818
38.275
38.793
39.059
39.309
39.724
40.234
40.402
41.050
41.501
41.785
42.133
42.476
42.800
43.110
43.426
43.708
44.158
44.342
44.490
44.833
45.357
45.798
46.266
46.757
47.257
47.781
48.273
48.769
49.230
49.706
50.222
50.706
51.007
51.279
52.682
53.139
53.598
54.089
54.574
55.065
55.574
56.032
56.540
57.040
57.500
57.932
59.975
60.291
60.633
60.949
61.369
61.841
62.250
62.449
62.724
62.966
63.374
63.907
64.082
64.258
64.432
64.599
64.758
64.915
65.192
65.790
65.967
66.142
66.313
66.499
66.677
66.842
67.100
67.741
67.941
68.133
68.410
68.670
69.129
69.642
69.817
70.146
70.326
70.510
70.666
70.837
71.226
71.699
71.883
72.050
72.216
72.372
72.542
72.698
72.977
73.625
73.794
73.975
74.145
74.303
74.476
74.637
74.921
75.550
75.736
75.928
76.096
76.426
76.923
77.412
77.901
78.456
78.970
79.496
79.966
80.443
80.927
81.447
81.837
82.198
82.406
82.912
83.905
84.367
84.859
85.314
85.794
86.341
86.768
87.245
87.758
88.228
88.718
89.206
89.624
89.810
90.158
90.764
92.247
93.285
93.747
94.143
94.717
95.401
95.731
96.297
96.963
97.800
98.015
98.391
99.033
99.344
99.726
100.294
101.753
102.016
102.316
102.715
103.232
103.628
103.937
104.206
104.705
104.805
104.929
105.585
105.801
106.082
106.371
107.024
107.353
107.564
107.835
108.050
108.440
110.219
110.740
111.240
111.782
112.322
112.840
113.298
113.789
114.274
114.759
115.331
115.731
116.073
116.282
116.719
117.735
118.271
118.747
119.247
119.757
120.247
120.773
121.294
121.795
122.314
122.976
123.292
123.725
124.016
125.333
125.766
126.091
126.467
126.893
127.367
127.792
128.000
128.281
128.481
128.903
129.381
129.550
129.731
129.891
130.071
130.226
130.410
130.714
131.340
131.543
131.704
131.906
132.065
132.253
132.476
132.716
133.240
133.490
133.699
133.866
134.096
134.321
134.759
135.197
135.313
135.620
135.763
135.939
136.094
136.250
136.677
137.219
137.379
137.548
137.716
137.877
138.039
138.218
138.479
139.087
139.271
139.439
139.630
139.785
139.951
140.131
140.472
141.128
141.313
141.471
141.662
141.902
142.241
142.618
143.080
143.489
143.932
144.405
144.901
145.437
145.943
146.449
146.891
147.348
147.736
147.892
148.411
149.355
149.869
150.294
150.794
151.248
151.749
152.250
152.753
153.216
153.714
154.271
154.759
154.912
155.187
155.353
155.660
155.841
156.249
157.054
157.286
157.539
157.686
157.891
158.035
158.185
158.349
158.511
158.725
159.030
159.634
159.800
159.975
160.160
160.309
160.434
161.185
161.691
161.961
162.130
162.305
162.449
162.671
162.990
163.510
163.734
163.874
164.065
164.234
164.400
164.584
165.066
165.439
165.647
166.040
166.511
166.915
167.425
167.869
168.309
168.844
169.341
169.836
170.340
170.612
170.886
171.205
171.396
172.104
174.028
174.292
174.497
174.741
174.907
175.307
175.678
175.979
176.308
176.430
176.732
176.883
177.241
177.603
177.955
178.241
178.362
178.684
178.807
179.197
179.581
179.857
180.168
180.336
180.654
180.779
181.190
181.462
181.807
182.123
182.290
182.561
182.736
183.141
183.481
183.773
184.077
184.243
184.508
184.685
185.114
185.414
185.700
186.015
186.197
186.332
186.553
186.762
187.068
188.885
