0.620
1.114
1.437
1.745
2.094
2.477
2.848
3.160
3.495
4.043
4.257
4.424
4.549
4.640
4.713
4.797
4.881
4.957
5.048
5.131
5.206
5.265
5.348
5.398
5.905
6.039
6.163
6.299
6.428
6.550
6.679
6.803
7.887
8.089
8.289
8.612
8.904
9.254
9.518
9.952
10.120
10.273
10.407
10.541
10.691
10.833
11.219
11.292
11.376
11.466
11.540
11.631
11.698
11.949
12.109
12.246
12.330
12.415
12.491
12.582
12.656
12.730
12.980
13.055
13.146
13.230
13.314
13.396
13.479
13.570
13.817
14.163
14.346
14.470
14.554
14.646
14.736
14.829
15.056
15.138
15.243
15.319
15.404
15.493
15.553
15.628
15.812
15.901
15.986
16.076
16.169
16.242
16.335
16.410
16.501
16.693
16.869
17.036
17.205
17.276
17.367
17.544
17.617
17.709
17.876
17.950
18.049
18.151
18.225
18.326
18.668
18.732
18.816
18.906
18.991
19.066
19.157
19.225
19.434
19.557
19.682
19.774
19.858
19.950
20.040
20.114
20.182
20.395
20.474
20.549
20.647
20.722
20.864
21.176
21.289
21.363
21.458
21.530
21.774
21.959
22.055
22.155
22.238
22.314
22.388
22.489
22.589
22.687
22.764
22.846
22.904
23.081
23.181
23.255
23.337
23.442
23.548
23.613
23.780
23.895
23.972
24.072
24.146
24.250
24.322
24.640
24.755
24.838
24.932
25.025
25.089
25.271
25.368
25.481
25.573
25.681
25.773
25.865
25.948
26.100
26.267
26.415
26.575
26.649
26.743
26.850
26.950
27.023
27.118
27.228
27.331
27.415
27.478
27.591
27.691
27.785
27.847
28.162
28.245
28.356
28.549
28.652
28.860
28.932
29.039
29.126
29.240
29.327
29.423
29.520
29.608
29.674
29.776
29.884
29.959
30.031
30.131
30.233
30.332
30.418
30.514
30.596
30.701
30.787
30.894
30.985
31.138
31.197
31.320
31.423
31.507
31.605
31.711
31.762
31.854
32.017
32.203
38.066
38.812
39.180
39.509
39.885
40.124
40.285
