7.396
8.146
8.840
9.472
10.144
10.788
12.028
12.633
13.279
14.668
15.236
15.895
17.336
17.954
18.568
19.303
20.034
20.619
21.324
22.658
23.250
23.968
24.315
25.332
25.958
26.659
27.023
28.002
28.642
28.927
29.424
30.024
30.284
30.777
31.257
33.966
36.653
39.249
41.065
41.749
42.741
45.249
45.688
46.738
47.272
47.938
48.273
49.306
49.906
50.605
50.980
51.980
52.681
53.323
54.015
55.357
56.081
56.281
56.521
56.722
57.097
57.603
57.788
57.986
58.706
58.915
59.111
59.304
59.718
60.271
60.474
60.677
61.336
61.561
61.760
61.961
62.368
62.927
63.134
63.484
