1.014
1.997
2.968
3.686
3.791
3.902
4.730
5.671
6.568
7.345
7.762
8.050
8.420
8.705
9.395
9.742
10.050
10.377
10.653
10.957
11.269
11.593
11.884
12.169
12.478
12.774
13.083
13.358
13.617
13.891
14.148
14.398
14.641
15.156
15.676
16.518
16.717
16.914
17.106
17.340
17.564
17.773
17.982
18.214
18.431
18.647
18.873
19.082
19.313
19.505
19.706
19.898
20.073
20.263
20.465
20.631
20.957
21.323
22.006
22.137
22.704
22.848
22.996
23.190
23.355
23.521
23.678
23.837
24.015
24.169
24.340
24.504
24.687
24.838
24.977
25.137
25.294
25.445
25.615
25.753
25.930
26.202
26.504
26.812
27.103
27.570
27.727
27.860
27.969
28.077
28.177
28.302
28.402
28.528
28.627
28.743
28.819
28.934
29.019
29.354
29.486
29.620
29.694
29.818
29.919
30.026
30.081
30.277
30.368
30.435
30.536
30.920
31.420
31.534
31.628
31.718
31.809
31.902
31.993
32.085
32.159
32.250
32.342
32.417
32.517
32.601
32.677
32.773
32.877
32.959
33.059
33.150
33.244
33.327
33.428
33.482
33.614
33.716
33.826
34.034
34.127
34.262
34.352
34.429
34.542
34.610
34.691
34.787
34.869
34.970
35.059
35.147
35.233
35.326
35.429
35.512
35.613
35.708
35.786
35.883
35.977
36.060
36.151
36.255
36.354
36.434
36.536
36.625
36.728
36.820
36.917
36.992
37.104
37.281
37.524
37.632
37.717
37.826
37.897
37.998
38.089
38.194
38.264
38.369
38.452
38.622
38.706
38.811
38.893
38.986
39.095
39.163
39.275
39.368
39.474
39.539
39.644
39.749
39.846
39.933
40.014
40.184
40.389
40.487
40.580
40.670
40.770
40.875
40.954
41.047
41.159
41.246
41.351
41.454
41.539
41.637
41.732
41.834
41.929
42.044
42.126
42.220
42.329
42.448
42.532
42.630
42.731
42.807
43.020
43.316
43.398
43.470
43.578
43.766
43.882
43.975
44.158
44.237
44.352
44.430
44.646
44.831
44.984
45.069
45.165
45.253
45.347
45.450
45.548
45.729
46.147
46.380
46.454
46.570
46.657
46.721
46.832
47.009
47.198
47.380
47.572
47.762
47.952
48.128
48.319
48.519
48.694
49.093
49.379
49.443
49.550
49.629
49.743
49.943
50.137
50.317
50.535
50.723
50.909
51.111
51.208
51.337
51.561
51.742
52.086
52.250
52.421
52.600
52.719
52.775
52.883
52.987
53.128
53.328
53.495
53.687
53.872
54.051
54.254
54.470
54.787
55.306
55.587
55.760
55.821
55.917
56.018
56.088
56.207
56.286
56.386
56.463
56.559
56.633
56.763
56.837
56.921
57.010
57.081
57.191
57.296
57.389
57.488
57.605
57.674
57.781
57.865
57.948
58.081
58.395
58.454
58.538
58.624
58.736
58.810
58.889
59.099
59.298
59.491
59.649
59.704
59.796
59.906
59.975
60.121
60.212
60.277
60.377
60.440
60.565
60.732
61.085
61.418
61.531
61.622
61.688
61.755
61.837
62.727
62.803
62.897
62.986
63.079
63.213
63.276
63.381
63.482
63.569
63.707
63.880
64.057
64.203
64.467
64.564
64.638
64.737
64.829
64.924
65.005
65.101
65.164
65.296
65.366
65.462
65.556
65.656
65.762
65.925
66.013
66.082
66.180
66.258
66.364
66.472
66.761
67.070
