1.940
2.333
2.691
3.050
3.339
3.821
4.161
4.653
5.055
5.302
5.712
6.177
6.560
7.142
7.435
7.845
8.099
8.535
8.994
9.409
9.676
9.907
10.161
10.478
10.684
10.931
11.384
11.599
11.832
12.067
12.309
12.539
12.799
13.246
13.498
13.722
13.988
14.471
14.730
14.970
15.213
15.453
15.697
15.936
16.188
16.653
16.864
17.103
17.345
17.586
17.811
18.060
18.285
18.535
18.942
19.250
19.474
19.727
20.156
20.641
20.890
21.160
21.415
21.665
21.931
22.164
22.529
22.771
23.013
23.271
23.505
23.771
24.012
24.458
24.686
24.961
25.118
25.228
25.461
25.678
25.892
26.061
26.199
26.443
26.600
26.761
26.949
27.342
27.574
27.791
27.993
28.324
28.532
28.732
28.856
29.198
29.408
29.640
30.153
30.415
30.680
30.911
31.172
31.405
31.604
31.837
31.980
32.136
32.347
32.553
32.712
32.876
33.028
33.176
33.355
33.594
33.753
34.259
34.509
34.677
34.825
34.967
35.224
35.435
35.676
35.816
35.967
36.153
36.392
36.616
36.773
36.933
37.066
37.206
37.548
37.740
37.933
38.097
38.334
38.533
38.672
38.825
38.963
39.104
39.512
39.898
40.154
40.379
40.660
40.889
41.152
41.379
41.594
41.860
42.127
42.721
42.988
43.800
44.035
44.266
44.727
45.190
45.434
45.670
45.901
46.595
46.876
47.118
47.562
48.053
48.523
48.738
49.006
49.242
49.477
49.731
50.422
50.683
50.930
51.379
51.823
52.290
52.578
52.836
53.106
53.345
53.609
53.827
54.084
54.309
54.542
54.930
55.224
55.446
55.840
56.158
56.425
56.804
57.097
57.371
57.764
58.076
58.314
58.558
59.136
59.287
59.982
60.253
60.470
60.714
60.849
60.995
61.198
61.430
61.654
61.856
62.323
62.559
62.784
63.065
63.311
63.705
64.134
64.369
64.609
64.822
65.020
65.250
65.665
66.132
66.573
66.849
67.035
67.286
67.510
67.923
68.238
68.347
68.523
68.757
68.974
69.254
69.432
69.931
70.185
70.427
70.681
70.914
71.342
71.770
72.037
72.303
72.589
72.775
73.183
73.665
74.186
74.430
74.657
74.902
75.177
75.581
75.894
76.031
76.174
76.385
76.645
76.927
77.138
77.393
77.627
78.052
78.336
78.576
78.828
79.961
80.203
80.431
80.677
81.437
81.878
82.136
82.379
82.590
83.692
83.853
84.143
84.349
85.218
85.684
85.827
85.981
86.145
86.405
86.537
86.813
86.970
87.130
87.412
87.580
87.692
87.935
88.097
88.477
88.639
88.808
88.951
89.210
89.378
89.648
89.918
90.079
90.429
90.716
90.898
91.194
91.408
91.624
91.761
92.274
92.682
92.868
93.150
93.395
93.629
93.887
94.088
94.347
94.576
94.828
95.052
95.268
95.516
95.753
96.008
96.237
96.497
96.725
96.982
97.237
97.469
97.696
97.958
98.175
98.477
98.694
98.949
99.155
99.579
99.801
100.055
100.478
102.263
102.622
103.037
103.298
103.718
104.069
104.322
106.209
106.577
106.901
107.192
107.559
107.888
108.144
109.024
109.858
110.263
110.695
111.144
111.488
111.647
111.923
112.297
112.672
113.127
113.362
113.665
113.916
114.250
114.601
114.965
115.254
115.525
115.751
116.101
116.415
116.922
117.264
118.201
118.701
118.959
119.349
119.569
119.859
120.187
120.595
120.828
121.104
121.580
121.816
122.063
122.306
122.540
122.807
123.036
123.312
123.524
123.786
124.010
124.256
124.713
125.124
125.374
125.604
125.805
125.965
126.198
126.612
127.036
127.527
127.733
127.979
128.218
128.465
128.657
128.983
129.265
129.396
129.524
129.773
129.991
130.233
130.462
130.926
131.172
131.446
131.741
131.924
132.333
132.799
133.034
133.267
133.520
133.718
134.180
134.688
135.168
135.444
135.658
135.937
136.167
136.613
136.847
136.978
137.141
137.366
137.619
138.090
138.501
139.003
139.156
139.444
139.920
140.799
140.995
141.295
141.814
142.317
142.771
143.070
143.322
143.578
143.866
144.281
144.634
144.790
145.049
145.270
146.255
